8 -1 8 27 -1 2 8 29 49 -1 33 41 45 46 -1 4 -1 8 -1 10 -1 27 39 45 -1 8 26 34 44 45 46 -1 -2 
23 -1 2 5 34 -1 28 35 45 -1 29 -1 3 27 32 42 -1 2 6 45 -1 2 3 14 -1 22 27 -1 8 32 42 -1 2 17 29 34 45 -1 -2 
45 -1 7 39 45 -1 5 6 41 -1 34 35 -1 6 26 27 -1 20 46 -1 -2 
1 26 31 39 -1 31 41 -1 28 -1 -2 
1 -1 5 32 -1 45 -1 5 -1 -2 
20 -1 28 -1 4 -1 39 42 -1 23 -1 8 -1 -2 
8 27 -1 26 39 -1 4 46 -1 22 44 48 -1 28 -1 5 27 34 42 -1 2 42 -1 -2 
18 -1 -2 
8 -1 2 -1 8 -1 5 -1 27 -1 5 -1 -2 
27 -1 37 49 -1 33 -1 -2 
8 -1 8 27 -1 2 8 29 49 -1 33 41 45 46 -1 4 -1 8 -1 10 -1 26 34 44 45 46 -1 -2 
35 -1 32 34 45 -1 34 39 -1 24 30 -1 17 -1 17 45 -1 5 28 42 -1 2 -1 1 29 -1 -2 
55267 -1 55271 -1 55283 -1 55287 -1 55291 -1 55295 -1 55307 -1 55315 -1 55319 -1 55323 -1 55327 -1 55331 -1 55335 -1 55339 -1 55343 -1 55347 -1 55355 -1 55359 -1 55363 -1 55371 -1 55375 -1 55379 -1 55383 -1 55387 -1 55407 -1 55411 -1 55415 -1 55419 -1 55423 -1 55427 -1 55431 -1 55435 -1 55439 -1 55443 -1 55447 -1 55451 -1 55507 -1 55643 -1 55651 -1 55655 -1 55663 -1 55671 -1 55675 -1 55707 -1 55719 -1 55819 -1 55823 -1 55827 -1 55927 -1 55931 -1 55935 -1 55943 -1 55947 -1 55951 -1 55955 -1 55967 -1 55971 -1 55975 -1 55995 -1 55999 -1 56003 -1 56011 -1 56015 -1 56165 -1 56169 -1 56225 -1 56229 -1 56233 -1 56241 -1 56245 -1 56257 -1 56261 -1 56273 -1 56281 -1 56285 -1 56337 -1 56341 -1 56345 -1 56349 -1 56353 -1 56549 -1 56553 -1 56557 -1 56561 -1 56569 -1 56573 -1 56593 -1 56601 -1 56629 -1 56761 -1 56765 -1 56769 -1 222343 -1 222439 -1 222751 -1 244119 -1 244131 -1 244135 -1 244139 -1 244143 -1 244251 -1 244259 -1 244395 -1 244399 -1 244459 -1 244507 -1 244523 -1 244531 -1 250267 -1 250331 -1 250347 -1 250351 -1 250371 -1 250375 -1 250395 -1 250399 -1 250403 -1 250407 -1 250411 -1 250415 -1 250423 -1 250427 -1 250431 -1 250435 -1 250439 -1 250443 -1 250447 -1 250451 -1 250455 -1 250459 -1 250475 -1 250499 -1 250503 -1 250523 -1 270057 -1 285297 -1 285301 -1 285321 -1 285329 -1 285409 -1 285417 -1 285425 -1 285429 -1 285437 -1 285445 -1 285453 -1 285457 -1 285469 -1 285557 -1 285561 -1 285593 -1 285617 -1 288717 -1 288745 -1 290543 -1 290901 -1 290911 -1 290993 -1 291003 -1 291267 -1 291297 -1 -2