sup 20695 : 2 -1 -2
sup 25201 : 1 -1 -2
sup 16785 : 1 -1 2 -1 -2
sup 9921 : 3 -1 -2
sup 7674 : 1 -1 3 -1 -2
sup 25201 : 1 -1 -2
sup 5154 : 2 -1 14 -1 -2
sup 16785 : 1 -1 2 -1 -2
sup 25201 : 1 -1 -2
sup 11785 : 12 -1 -2
sup 5849 : 12 -1 2 -1 -2
sup 22556 : 1 -1 1 -1 -2
sup 25201 : 1 -1 -2
sup 15360 : 4 -1 -2
sup 13969 : 6 -1 -2
sup 9613 : 1 -1 12 -1 -2
sup 7423 : 1 -1 1 -1 12 -1 -2
sup 7674 : 1 -1 3 -1 -2
sup 7674 : 1 -1 3 -1 -2
sup 3308 : 3 -1 12 -1 -2
sup 10504 : 1 -1 2 -1 2 -1 -2
sup 13969 : 6 -1 -2
sup 25201 : 1 -1 -2
sup 25201 : 1 -1 -2
sup 14741 : 2 -1 1 -1 -2
sup 9383 : 1 -1 6 -1 -2
sup 9921 : 3 -1 -2
sup 4294 : 1 -1 7 -1 2 -1 -2
sup 20695 : 2 -1 -2
sup 13161 : 2 -1 2 -1 -2
sup 25201 : 1 -1 -2
sup 25201 : 1 -1 -2
sup 7074 : 2 -1 6 -1 -2
sup 22556 : 1 -1 1 -1 -2
sup 6616 : 3 -1 1 -1 -2
sup 25201 : 1 -1 -2
sup 25201 : 1 -1 -2
sup 6672 : 1 -1 1 -1 6 -1 -2
sup 9613 : 1 -1 12 -1 -2
sup 25201 : 1 -1 -2
sup 20695 : 2 -1 -2
sup 5523 : 9 -1 -2
sup 10504 : 1 -1 2 -1 2 -1 -2
sup 7423 : 1 -1 1 -1 12 -1 -2
sup 9921 : 3 -1 -2
sup 11785 : 12 -1 -2
sup 25201 : 1 -1 -2
sup 4942 : 8 -1 -2
sup 6284 : 1 -1 2 -1 4 -1 -2
sup 13161 : 2 -1 2 -1 -2
sup 9921 : 3 -1 -2
sup 20695 : 2 -1 -2
sup 25201 : 1 -1 -2
sup 8554 : 12 -1 1 -1 -2
sup 25201 : 1 -1 -2
sup 25201 : 1 -1 -2
sup 9921 : 3 -1 -2
sup 22556 : 1 -1 1 -1 -2
sup 25201 : 1 -1 -2
sup 6187 : 7 -1 6 -1 -2
sup 7070 : 4 -1 2 -1 -2
sup 5154 : 2 -1 14 -1 -2
sup 9613 : 1 -1 12 -1 -2
sup 4165 : 1 -1 3 -1 2 -1 -2
sup 10388 : 1 -1 7 -1 -2
sup 16785 : 1 -1 2 -1 -2
sup 4942 : 8 -1 -2
sup 25201 : 1 -1 -2
sup 3808 : 1 -1 6 -1 7 -1 -2
sup 20695 : 2 -1 -2
sup 25201 : 1 -1 -2
sup 6672 : 1 -1 1 -1 6 -1 -2
sup 6110 : 1 -1 3 -1 1 -1 -2
sup 6110 : 1 -1 3 -1 1 -1 -2
sup 3227 : 1 -1 15 -1 -2
sup 15360 : 4 -1 -2
sup 5523 : 9 -1 -2
sup 25201 : 1 -1 -2
sup 10507 : 11 -1 -2
sup 9921 : 3 -1 -2
sup 3833 : 12 -1 2 -1 1 -1 -2
sup 20695 : 2 -1 -2
sup 3701 : 10 -1 6 -1 -2
sup 20695 : 2 -1 -2
sup 25201 : 1 -1 -2
sup 20695 : 2 -1 -2
sup 16785 : 1 -1 2 -1 -2
sup 20695 : 2 -1 -2
sup 25201 : 1 -1 -2
sup 25201 : 1 -1 -2
sup 6616 : 3 -1 1 -1 -2
sup 20695 : 2 -1 -2
sup 4324 : 2 -1 2 -1 4 -1 -2
sup 20695 : 2 -1 -2
sup 11785 : 12 -1 -2
sup 20695 : 2 -1 -2
sup 6248 : 7 -1 2 -1 -2
sup 25201 : 1 -1 -2
sup 8364 : 2 -1 4 -1 -2
sup 13161 : 2 -1 2 -1 -2
sup 25201 : 1 -1 -2
sup 25201 : 1 -1 -2
sup 25201 : 1 -1 -2
sup 6765 : 6 -1 7 -1 -2
sup 6110 : 1 -1 3 -1 1 -1 -2
sup 25201 : 1 -1 -2
sup 3781 : 2 -1 2 -1 6 -1 -2
sup 15360 : 4 -1 -2
sup 10504 : 1 -1 2 -1 2 -1 -2
sup 11142 : 1 -1 4 -1 -2
sup 16785 : 1 -1 2 -1 -2
sup 9921 : 3 -1 -2
sup 7070 : 4 -1 2 -1 -2
sup 16785 : 1 -1 2 -1 -2
sup 20695 : 2 -1 -2
sup 13161 : 2 -1 2 -1 -2
sup 25201 : 1 -1 -2
sup 22556 : 1 -1 1 -1 -2
sup 6616 : 3 -1 1 -1 -2
sup 20695 : 2 -1 -2
sup 7674 : 1 -1 3 -1 -2
sup 10507 : 11 -1 -2
sup 7674 : 1 -1 3 -1 -2
sup 13969 : 6 -1 -2
sup 7663 : 6 -1 6 -1 -2
sup 7074 : 2 -1 6 -1 -2
sup 3263 : 2 -1 7 -1 2 -1 -2
sup 20695 : 2 -1 -2
sup 15360 : 4 -1 -2
sup 4399 : 7 -1 1 -1 7 -1 -2
sup 9613 : 1 -1 12 -1 -2
sup 9921 : 3 -1 -2
sup 25201 : 1 -1 -2
sup 3308 : 3 -1 12 -1 -2
sup 22556 : 1 -1 1 -1 -2
sup 11142 : 1 -1 4 -1 -2
sup 6901 : 2 -1 7 -1 -2
sup 16785 : 1 -1 2 -1 -2
sup 25201 : 1 -1 -2
sup 9564 : 10 -1 -2
sup 7674 : 1 -1 3 -1 -2
sup 22556 : 1 -1 1 -1 -2
sup 25201 : 1 -1 -2
sup 13969 : 6 -1 -2
sup 3331 : 2 -1 1 -1 3 -1 -2
sup 4942 : 8 -1 -2
sup 13969 : 6 -1 -2
sup 20695 : 2 -1 -2
sup 9921 : 3 -1 -2
sup 4324 : 2 -1 2 -1 4 -1 -2
sup 7674 : 1 -1 3 -1 -2
sup 4167 : 1 -1 2 -1 14 -1 -2
sup 25201 : 1 -1 -2
sup 13161 : 2 -1 2 -1 -2
sup 25201 : 1 -1 -2
sup 6110 : 1 -1 3 -1 1 -1 -2
sup 9383 : 1 -1 6 -1 -2
sup 6694 : 6 -1 2 -1 -2
sup 25201 : 1 -1 -2
sup 7423 : 1 -1 1 -1 12 -1 -2
sup 25201 : 1 -1 -2
sup 4942 : 8 -1 -2
sup 6284 : 1 -1 2 -1 4 -1 -2
sup 4354 : 4 -1 6 -1 -2
sup 11785 : 12 -1 -2
sup 4324 : 2 -1 2 -1 4 -1 -2
sup 11142 : 1 -1 4 -1 -2
sup 9613 : 1 -1 12 -1 -2
sup 25201 : 1 -1 -2
sup 6901 : 2 -1 7 -1 -2
sup 15198 : 7 -1 -2
sup 13969 : 6 -1 -2
sup 9613 : 1 -1 12 -1 -2
sup 14741 : 2 -1 1 -1 -2
sup 5855 : 1 -1 2 -1 2 -1 2 -1 -2
sup 6616 : 3 -1 1 -1 -2
sup 5849 : 12 -1 2 -1 -2
sup 5362 : 2 -1 10 -1 -2
sup 25201 : 1 -1 -2
sup 11142 : 1 -1 4 -1 -2
sup 11785 : 12 -1 -2
sup 25201 : 1 -1 -2
sup 9383 : 1 -1 6 -1 -2
sup 6248 : 7 -1 2 -1 -2
sup 6110 : 1 -1 3 -1 1 -1 -2
sup 5481 : 2 -1 3 -1 -2
sup 11142 : 1 -1 4 -1 -2
sup 22556 : 1 -1 1 -1 -2
sup 11785 : 12 -1 -2
sup 22556 : 1 -1 1 -1 -2
sup 12806 : 1 -1 1 -1 2 -1 -2
sup 6616 : 3 -1 1 -1 -2
sup 22556 : 1 -1 1 -1 -2
sup 6901 : 2 -1 7 -1 -2
sup 9921 : 3 -1 -2
sup 10240 : 14 -1 -2
sup 25201 : 1 -1 -2
sup 20695 : 2 -1 -2
sup 6616 : 3 -1 1 -1 -2
sup 4324 : 2 -1 2 -1 4 -1 -2
sup 4324 : 2 -1 2 -1 4 -1 -2
sup 9921 : 3 -1 -2
sup 25201 : 1 -1 -2
sup 25201 : 1 -1 -2
sup 16785 : 1 -1 2 -1 -2
sup 5030 : 1 -1 4 -1 2 -1 -2
sup 25201 : 1 -1 -2
sup 6284 : 1 -1 2 -1 4 -1 -2
sup 12806 : 1 -1 1 -1 2 -1 -2
sup 5523 : 9 -1 -2
sup 25201 : 1 -1 -2
sup 11785 : 12 -1 -2
sup 11785 : 12 -1 -2
sup 20695 : 2 -1 -2
sup 6110 : 1 -1 3 -1 1 -1 -2
sup 6049 : 1 -1 1 -1 14 -1 -2
sup 6616 : 3 -1 1 -1 -2
sup 22556 : 1 -1 1 -1 -2
sup 11785 : 12 -1 -2
sup 9921 : 3 -1 -2
sup 15360 : 4 -1 -2
sup 4942 : 8 -1 -2
sup 25201 : 1 -1 -2
sup 25201 : 1 -1 -2
sup 5225 : 10 -1 2 -1 -2
sup 25201 : 1 -1 -2
sup 7981 : 1 -1 14 -1 -2
sup 9921 : 3 -1 -2
sup 22556 : 1 -1 1 -1 -2
sup 16785 : 1 -1 2 -1 -2
sup 6110 : 1 -1 3 -1 1 -1 -2
sup 25201 : 1 -1 -2
sup 7674 : 1 -1 3 -1 -2
sup 3479 : 2 -1 5 -1 -2
sup 25201 : 1 -1 -2
sup 6765 : 6 -1 7 -1 -2
sup 25201 : 1 -1 -2
sup 7423 : 1 -1 1 -1 12 -1 -2
sup 25201 : 1 -1 -2
sup 20695 : 2 -1 -2
sup 4523 : 1 -1 6 -1 2 -1 -2
sup 3781 : 2 -1 2 -1 6 -1 -2
sup 9613 : 1 -1 12 -1 -2
sup 9921 : 3 -1 -2
sup 25201 : 1 -1 -2
sup 16785 : 1 -1 2 -1 -2
sup 25201 : 1 -1 -2
sup 8364 : 2 -1 4 -1 -2
sup 6284 : 1 -1 2 -1 4 -1 -2
sup 7070 : 4 -1 2 -1 -2
sup 20695 : 2 -1 -2
sup 11785 : 12 -1 -2
sup 25201 : 1 -1 -2
sup 7458 : 1 -1 10 -1 -2
sup 11785 : 12 -1 -2
sup 5147 : 15 -1 -2
sup 16785 : 1 -1 2 -1 -2
sup 25201 : 1 -1 -2
sup 20695 : 2 -1 -2
sup 6248 : 7 -1 2 -1 -2
sup 20695 : 2 -1 -2
sup 4354 : 4 -1 6 -1 -2
sup 9921 : 3 -1 -2
sup 22556 : 1 -1 1 -1 -2
sup 5362 : 2 -1 10 -1 -2
sup 25201 : 1 -1 -2
sup 4194 : 1 -1 2 -1 10 -1 -2
sup 7458 : 1 -1 10 -1 -2
sup 3443 : 4 -1 2 -1 2 -1 -2
sup 4942 : 8 -1 -2
sup 25201 : 1 -1 -2
sup 25201 : 1 -1 -2
sup 25201 : 1 -1 -2
sup 7458 : 1 -1 10 -1 -2
sup 13161 : 2 -1 2 -1 -2
sup 16785 : 1 -1 2 -1 -2
sup 25201 : 1 -1 -2
sup 25201 : 1 -1 -2
sup 7674 : 1 -1 3 -1 -2
sup 9921 : 3 -1 -2
sup 22556 : 1 -1 1 -1 -2
sup 25201 : 1 -1 -2
sup 16785 : 1 -1 2 -1 -2
sup 6616 : 3 -1 1 -1 -2
sup 9564 : 10 -1 -2
sup 5481 : 2 -1 3 -1 -2
sup 15198 : 7 -1 -2
sup 15360 : 4 -1 -2
sup 11785 : 12 -1 -2
sup 11785 : 12 -1 -2
sup 3361 : 2 -1 2 -1 7 -1 -2
sup 6248 : 7 -1 2 -1 -2
sup 25201 : 1 -1 -2
sup 16785 : 1 -1 2 -1 -2
sup 3467 : 3 -1 1 -1 2 -1 -2
sup 10504 : 1 -1 2 -1 2 -1 -2
sup 25201 : 1 -1 -2
sup 10504 : 1 -1 2 -1 2 -1 -2
sup 3646 : 2 -1 7 -1 1 -1 -2
sup 13161 : 2 -1 2 -1 -2
sup 6616 : 3 -1 1 -1 -2
sup 3653 : 2 -1 6 -1 2 -1 -2
sup 6672 : 1 -1 1 -1 6 -1 -2
sup 11785 : 12 -1 -2
sup 25201 : 1 -1 -2
sup 5523 : 9 -1 -2
sup 14741 : 2 -1 1 -1 -2
sup 6616 : 3 -1 1 -1 -2
sup 25201 : 1 -1 -2
sup 20695 : 2 -1 -2
sup 10504 : 1 -1 2 -1 2 -1 -2
sup 20695 : 2 -1 -2
sup 6616 : 3 -1 1 -1 -2
sup 4167 : 1 -1 2 -1 14 -1 -2
sup 9921 : 3 -1 -2
sup 7074 : 2 -1 6 -1 -2
sup 20695 : 2 -1 -2
sup 6672 : 1 -1 1 -1 6 -1 -2
sup 5225 : 10 -1 2 -1 -2
sup 20695 : 2 -1 -2
sup 25201 : 1 -1 -2
sup 9564 : 10 -1 -2
sup 9564 : 10 -1 -2
sup 3646 : 2 -1 7 -1 1 -1 -2
sup 25201 : 1 -1 -2
sup 25201 : 1 -1 -2
sup 16785 : 1 -1 2 -1 -2
sup 8839 : 2 -1 1 -1 2 -1 -2
sup 20695 : 2 -1 -2
sup 15198 : 7 -1 -2
sup 6765 : 6 -1 7 -1 -2
sup 5267 : 3 -1 2 -1 -2
sup 16785 : 1 -1 2 -1 -2
sup 15360 : 4 -1 -2
sup 25201 : 1 -1 -2
sup 7674 : 1 -1 3 -1 -2
sup 11142 : 1 -1 4 -1 -2
sup 20695 : 2 -1 -2
